run,freq_hz,temperature_C,G_storage_pa,G_loss_pa,G_abs_pa,tan_delta,force_dyn_N,strain_dyn_pct
tf_015p,1.0,-9.966876,7246469.98295114,800134.4113870797,7290510.427267603,0.1104171290669203,3.2556040467857437,0.14504330788816422
tf_015p,1.3895,-10.013936999999999,7410086.386400102,856841.0810597676,7459460.898222055,0.11563172632269812,3.4619936711551724,0.15074498727748206
tf_015p,1.9307,-10.005495,7589785.200580183,909607.142167856,7644097.366205427,0.11984622991679963,3.516294979442405,0.1494111959288804
tf_015p,2.6827,-9.994519,7794561.176763769,992104.9743299558,7857445.909352685,0.127281697048899,3.5950887920774006,0.14861145038180595
tf_015p,3.72759,-10.024738,7994349.746814171,1108575.0370728013,8070846.702001518,0.1386698195828347,3.732868286255192,0.15022687022913558
tf_015p,5.17947,-9.988617999999999,8217629.931125382,1245951.0022993744,8311548.326579023,0.1516192640386697,3.858247128904401,0.1507759796438943
tf_015p,7.19686,-10.001770999999998,8464432.913311973,1467786.7514724643,8590752.149361378,0.1734063895957026,3.9944525148884362,0.15102544529274947
tf_015p,10.0,-10.024031,8734527.67360748,1729328.132078065,8904074.88004293,0.1979875955174379,4.120970032147511,0.15032620865152752
tf_015p,13.895,-9.999061999999999,8984733.097667703,2044130.2540155114,9214331.08433309,0.22751151668001532,4.283061906606859,0.1509783206108156
tf_015p,19.307,-9.994477,9308767.88209968,2395703.375260181,9612104.563780172,0.25735987894455986,4.434207418892078,0.14983786259554746
tf_015p,26.827,-9.982976,9628686.035105454,2889946.314529764,10053028.621440357,0.30013921982638553,4.69739076855132,0.15176926208664326
tf_015p,37.2759,-9.986426999999999,10009343.936694704,3421025.9031279124,10577825.12017093,0.3417832302261368,4.952326439759037,0.152067684478501
tf_015p,51.7947,-9.987742999999998,10421655.94109206,4082735.054847321,11192838.696353067,0.3917549262732138,5.113010266099162,0.14837491094160218
tf_015p,100.0,-10.011444999999998,11252510.067701075,6024818.285294124,12763910.771958902,0.5354199417770451,6.129054487722872,0.15596737913499287
tf_015p,1.0,-2.712636,6056231.1191040445,606325.1782596566,6086506.846278564,0.1001159246295997,2.80620014464822,0.14975267175585272
tf_015p,1.3895,-2.7159119999999994,6191933.062752402,613540.599808852,6222255.790404324,0.09908708534005445,2.8812624102331568,0.15040386768460648
tf_015p,1.9307,-2.7301219999999997,6325772.127069647,618121.4411071308,6355900.181686904,0.0977147814828843,2.9837728287671337,0.1524799491095446
tf_015p,2.6827,-2.7421059999999997,6466086.436992172,629571.8573311971,6496663.338529832,0.09736520899712175,3.031409702537565,0.15155781170496369
tf_015p,3.72759,-2.7411049999999992,6614276.832567317,659872.9746261273,6647111.429822632,0.0997649465436721,3.0849332806746714,0.15074290076348715
tf_015p,5.17947,-2.75178,6752068.165825272,702301.6804867784,6788494.101519542,0.10401282440266055,3.132151717494778,0.14986264631056018
tf_015p,7.19686,-2.7513880000000004,6906424.62540882,751232.2216629595,6947161.35967188,0.10877295596612567,3.2314230738087666,0.15108122137417446
tf_015p,10.0,-2.749196999999999,7063250.34358584,827799.1065223076,7111593.12509684,0.11719804144759426,3.3268940663102917,0.15194839694669426
tf_015p,13.895,-2.756715,7192855.036473492,925725.6768760919,7252181.161867772,0.12870072762233173,3.426957885400262,0.1534843765904615
tf_015p,19.307,-2.7573729999999994,7345415.331603139,1039070.7524629994,7418543.955681227,0.14145840712266736,3.474794880373934,0.15213689567442984
tf_015p,26.827,-2.757982,7484234.614432305,1189986.263501964,7578247.4933978,0.15899905933029426,3.579966820052193,0.1534384732825734
tf_015p,37.2759,-2.7773579999999995,7650376.875835198,1348007.7493272142,7768229.607482012,0.1762014827772849,3.6688539306388384,0.15340249363880748
tf_015p,51.7947,-2.752514999999999,7745957.663839182,1564718.4229101276,7902417.596722114,0.20200451523441398,3.6577275400173828,0.15034030534363949
tf_015p,100.0,-2.7694480000000006,8115271.645695998,2334366.911110899,8444341.463911017,0.2876511117590192,3.93912740145682,0.1515159287533097
tf_015p,1.0,4.1720012,5364731.643156654,566351.6373885619,5394543.519173703,0.10556942547368794,2.496067902279718,0.15028849872786335
tf_015p,1.3895,4.1671929,5494994.783041583,574787.6607920753,5524974.979187964,0.10460203939882895,2.575078854379001,0.15138549618333505
tf_015p,1.9307,4.1515304,5616131.50766594,548762.6124332163,5642878.123458155,0.0977118523104673,2.6177311620649197,0.15067750636145147
tf_015p,2.6827,4.1380645000000005,5749053.169243437,558011.4894094401,5776070.391286878,0.09706145916247862,2.6948786193401504,0.15154122137417486
tf_015p,3.72759,4.1348235,5901023.098956679,565388.0478127811,5928046.664714257,0.09581186826954527,2.7503236391361754,0.1506940966922403
tf_015p,5.17947,4.134386,6011758.380877131,585547.9920585572,6040207.38725503,0.09740045340496938,2.8035162563973746,0.1507562340968205
tf_015p,7.19686,4.1330314999999995,6158805.378165196,599953.836190856,6187958.329827106,0.0974139949799147,2.8948456665965394,0.1519504834606892
tf_015p,10.0,4.1227114,6302697.4907884905,636027.534271174,6334708.097832339,0.10091354300293486,2.9687325838355436,0.15221888040725431
tf_015p,13.895,4.124555900000001,6412773.466768563,664770.8668927564,6447137.647170273,0.10366355062090454,2.9947798218009134,0.15087664122150252
tf_015p,19.307,4.0931560000000005,6519712.543726302,717350.177457109,6559058.082523727,0.11002788430410029,3.056599047112305,0.15136346055992533
tf_015p,26.827,4.1237243,6646741.93120803,792900.7012117113,6693868.076236719,0.11929163331719778,3.0969485310736,0.15027297709936463
tf_015p,37.2759,4.112038500000001,6721934.979495408,853645.9239729987,6775922.168390046,0.12699407634512389,3.1646183505476997,0.15169699745559995
tf_015p,51.7947,4.1334263,6797229.953913448,930508.7384137567,6860625.449522994,0.1368952859801402,3.295825948558129,0.15603592875331354
tf_015p,100.0,4.1139684,7061624.317502883,1249884.8396541208,7171384.114238009,0.1769967904630903,3.2412723731493154,0.14680356234109196
tf_015p,1.0,11.1097593,4813196.467484877,539551.7256666095,4843343.504158952,0.11209842135294154,2.2357705381680746,0.14993603053447885
tf_015p,1.3895,11.103159699999999,4942544.141932496,550856.0943596447,4973146.391535684,0.11145193215093153,2.284611224399084,0.14921246819351128
tf_015p,1.9307,11.0606508,5065897.0129820295,549619.5823607491,5095625.008912513,0.10849402997184437,2.358292524599884,0.15032259541997536
tf_015p,2.6827,11.060255999999999,5201640.892027047,540847.6781010155,5229682.990441695,0.10397635848526456,2.4012077825849527,0.14913460559809139
tf_015p,3.72759,11.065555,5339077.692540549,541565.6687027528,5366474.073402533,0.10143431129676145,2.4850316445817255,0.1504066157762095
tf_015p,5.17947,11.0467047,5459093.406032767,553901.7333365013,5487122.009394689,0.10146405128814837,2.539784541481887,0.15034061068715093
tf_015p,7.19686,11.048496,5597008.259488778,565622.4697327418,5625515.997226579,0.10105800161609996,2.619973450790908,0.15127201017824587
tf_015p,10.0,11.0604373,5723633.9156352095,588009.4951610379,5753758.803304947,0.10273359614331316,2.6566198492506348,0.14996910941488598
tf_015p,13.895,11.0394863,5834781.123912584,599999.8685187601,5865549.471804762,0.10283159826849217,2.728882293659387,0.15111241730292765
tf_015p,19.307,11.0311808,5955968.18084554,620753.6302213913,5988229.457918055,0.10422379894804373,2.830260344684184,0.15351541984745898
tf_015p,26.827,11.0428134,6057523.950761553,651751.1033721963,6092485.200211546,0.10759364860460158,2.8162818523909197,0.1501432061069981
tf_015p,37.2759,11.0329721,6138566.335794054,699418.5796700703,6178283.176460248,0.11393842493674008,2.8670329226924767,0.1507262595421131
tf_015p,51.7947,11.045479,6183944.656866117,741785.9516964819,6228275.677690999,0.11995352365789155,2.9121738418667142,0.15187053435127434
tf_015p,100.0,11.0411068,6432317.7787320465,922704.0964439687,6498160.882602619,0.14344815169033118,3.0019697447558618,0.1500513486006367
tf_015p,1.0,18.379617,4352525.646701084,524778.8835203737,4384047.48854065,0.12056882052334832,2.030117040565266,0.15040763358791437
tf_015p,1.3895,18.389018,4464326.765371307,529786.1514443216,4495651.992122257,0.11867100669102976,2.1151760235574204,0.15281918575076628
tf_015p,1.9307,18.39956,4590687.9196775155,527872.9298831082,4620937.719335378,0.11498776199105908,2.1453464637579027,0.150796539440332
tf_015p,2.6827,18.400168999999998,4725107.091002487,539984.4211410097,4755861.667092197,0.11427982704756974,2.2199139700459396,0.15161109414771182
tf_015p,3.72759,18.422786,4864373.739922432,540953.7949913886,4894360.314684906,0.11120728461954375,2.274966775319859,0.15097435114516675
tf_015p,5.17947,18.389242,4986753.5705848625,549988.6500877237,5016990.999490251,0.11028991954443405,2.3374728010761383,0.15133078880420012
tf_015p,7.19686,18.387793000000002,5116820.946650166,562028.8861389437,5147594.881974734,0.10983946712203946,2.4056095778492033,0.15179058524185954
tf_015p,10.0,18.418061,5251689.735392493,577197.376398668,5283313.533015846,0.10990698336742664,2.4675420508155956,0.1516988295166686
tf_015p,13.895,18.389767,5378766.643542946,601077.2571028073,5412247.63612092,0.11175001574466574,2.496486956487242,0.14982203562353727
tf_015p,19.307,18.422212000000002,5486985.156221545,609685.9539412933,5520753.84952353,0.11111492679180783,2.5648672385927056,0.15090045801539567
tf_015p,26.827,18.421771,5632085.609279298,630566.2683448726,5667274.665041861,0.11195963841635606,2.6015161063645977,0.14909954198485983
tf_015p,37.2759,18.389592,5682565.8917258475,631905.0296387504,5717592.070119091,0.1112006515505331,2.6740253041620003,0.15190651399504035
tf_015p,51.7947,18.409010000000002,5744596.047865055,660090.2785982098,5782395.950559479,0.11490630030348759,2.6725764287552565,0.15012269720114566
tf_015p,100.0,18.421644999999998,5865139.465024463,788522.195985898,5917907.417132332,0.13444219028176327,2.7531309122304606,0.15110636132328392
tf_015p_high,0.01,25.019488,2962324.92821682,377781.5397522733,2986316.773571147,0.1275287312859633,1.2681869996901916,0.1379340458016442
tf_015p_high,0.013895,25.037646,3064878.6490734974,378922.6494996564,3088213.643492047,0.12363381813312688,1.1671789994494908,0.12275923664132593
tf_015p_high,0.019307,25.081893,3152887.901769636,380345.8592187263,3175746.3837262206,0.12063412054873494,1.1544249989487516,0.11807119592885373
tf_015p_high,0.026827,25.102144,3239741.1963985306,395395.0483903652,3263780.05753044,0.12204525745139996,1.244567997811871,0.12385735368967292
tf_015p_high,0.0372759,25.146923,3325035.064961222,413334.49690674065,3350627.3426859668,0.1243098159362001,1.276723995666255,0.12376417302809521
tf_015p_high,0.0517947,25.153923,3411146.1493783747,422776.2275210474,3437245.6692787963,0.12393964052173241,1.310698991410188,0.12385582697211565
tf_015p_high,0.07196859,25.174698999999997,3490931.4621530417,427924.3800130728,3517061.5218473994,0.12258171913496958,1.343993982994345,0.12411989821893522
tf_015p_high,0.09999999,25.186325999999998,3592720.0672245957,433546.5764778322,3618784.3422085755,0.12067363122247103,1.3752619664033947,0.12343740458025779
tf_015p_high,0.13895,25.225554,3678493.2150501525,438525.3118548936,3704540.023040301,0.11921329909233358,1.415749933225028,0.12412987277364261
tf_015p_high,0.19307,25.180691,3776454.6301128566,454307.9104351293,3803683.1165049444,0.12030011080036532,1.7685948389472934,0.1510247328245561
tf_015p_high,0.26827,25.231588,3864076.2847824716,480341.51766367187,3893817.3439710485,0.12430953279969024,1.8080006821275225,0.15081587786272385
tf_015p_high,0.372759,25.225596,3953514.44515093,482313.90782930434,3982826.0285509136,0.12199624271535738,1.8379093761350906,0.14988452926221416
tf_015p_high,0.517947,25.243446,4061264.6231787056,487381.36927959975,4090404.740194267,0.12000729194004894,1.8907857608516776,0.1501412722647589
tf_015p_high,0.719686,25.234254999999997,4163991.8016660935,498908.3633053558,4193773.6323409816,0.11981492449282269,1.929020559192346,0.14940183206119595
tf_015p_high,1.0,25.231147,4262492.567447477,501454.53116508655,4291887.642328371,0.11764349690476392,2.0008971119475194,0.15142600508918747
tf_015p_high,1.3895,25.231105,4377567.151565268,504507.8834911524,4406543.131635951,0.11524846245037215,2.0131045049881062,0.14838580152684394
tf_015p_high,1.9307,25.242172,4503024.756780696,514099.84884695656,4532276.53776381,0.11416767098000524,2.0673701738360664,0.14815826972022794
tf_015p_high,2.6827,25.240597,4620148.797282382,521440.0655268029,4649481.11631464,0.1128621800738364,2.1624649800992435,0.15106666666679533
tf_015p_high,3.72759,25.218855,4768161.417727512,527473.945730547,4797248.385160997,0.11062417974556302,2.226318426708003,0.1507367430026729
tf_015p_high,5.17947,25.248905999999998,4883235.536444084,539507.2371302,4912947.930042227,0.11048151028223041,2.2652385353394724,0.14976000000012754
tf_015p_high,7.19686,25.242347,5024326.155880556,553709.0823066736,5054745.005289029,0.11020564054318073,2.318160644230341,0.1489595419848597
tf_015p_high,10.0,25.206969,5152398.199159754,576236.3783624427,5184520.765360377,0.11183847910986663,2.416549510951913,0.15139486005101951
tf_015p_high,13.895,25.218204,5252780.650128329,593263.818330884,5286176.928225458,0.11294281216871106,2.454425804324746,0.15081073791361443
tf_015p_high,19.307,25.228046,5394632.590103539,608406.3269535186,5428832.198630226,0.11277993761236692,2.5151945130533147,0.15048361323168033
tf_015p_high,26.827,25.228220999999998,5506667.998361288,626733.4469409096,5542218.622329035,0.11381355242905826,2.5657191533819264,0.15036595419860135
tf_015p_high,37.2759,25.237356,5584405.443407325,631668.4483373655,5620016.831378914,0.1131129275513264,2.6123932222413546,0.15098193384236777
tf_015p_high,51.7947,25.236579,5664302.613870408,667683.9666901509,5703518.736786461,0.11787575844820969,2.6134862375609123,0.14883374045814202
tf_015p_high,100.0,25.226820999999997,5739368.261965609,750143.8115526648,5788183.116010489,0.13070146004113645,2.6514461968466247,0.14878687022913437
tf_015p_high,0.01,31.964866999999998,2743633.6952950535,340198.92898908193,2764644.853366108,0.12399575408790005,1.2566609996930072,0.1476395928754438
tf_015p_high,0.013895,31.987035999999996,2852635.6942863218,343566.42389738734,2873250.4749753443,0.12043824053156621,1.0788089994911711,0.12195374045811913
tf_015p_high,0.019307,31.983893,2934269.822378193,351373.5985317707,2955233.1204601307,0.11974822351101519,1.081679999014995,0.11888610687033026
tf_015p_high,0.026827,32.007763,3031162.28671007,366582.44279949076,3053248.6789880483,0.12093791362037827,1.1577509979645078,0.1231620865140998
tf_015p_high,0.0372759,31.986469,3101549.253746666,380882.17458495416,3124848.637027571,0.12280384524761266,1.1950349959435425,0.12421547073801927
tf_015p_high,0.0517947,31.973743,3202215.9641802786,388120.5118025008,3225651.037067225,0.12120372771355353,1.2230139919848415,0.12315104325710234
tf_015p_high,0.07196859,31.988134999999996,3277521.1884931996,395734.6733143705,3301325.6538374256,0.12074206406467342,1.2625529840248242,0.12421821882962232
tf_015p_high,0.09999999,31.979293999999996,3352869.170960599,404702.41916048806,3377205.3129255213,0.12070331364720102,1.2905409684730642,0.12411903307898613
tf_015p_high,0.13895,31.973134,3446652.211958846,425029.27064159577,3472759.9040392837,0.12331655313723622,1.3217629376579996,0.12362402035633938
tf_015p_high,0.19307,31.965434,3531105.4908402395,435335.0503001221,3557839.5963648916,0.12328576742592093,1.6590028489270163,0.15145541984745722
tf_015p_high,0.26827,31.9608,3613517.3077882756,449101.44138157874,3641318.3654188267,0.1242837388418267,1.6944387020933491,0.15114412213753328
tf_015p_high,0.372759,31.941522,3712881.8877234766,456436.55612586247,3740832.2926794095,0.12293322813070223,1.7384064099106455,0.15094096692124814
tf_015p_high,0.517947,31.974051,3802966.125793732,465132.4182639347,3831305.1980303847,0.12230779945925896,1.7639548439717863,0.14954254452938942
tf_015p_high,0.719686,32.01179499999999,3913177.7281237217,480714.4502073793,3942593.8561461936,0.12284503378226849,1.8276936874021792,0.15057241730292723
tf_015p_high,1.0,32.013545,4003233.781431034,475868.72458314593,4031418.0819938546,0.11887108037268744,1.8743064211997724,0.15101038167951794
tf_015p_high,1.3895,32.021889,4114691.4809481,492364.8471076047,4144045.019790949,0.11966021010016403,1.9263669140947648,0.15098666666679525
tf_015p_high,1.9307,31.971909,4231473.386136229,492847.40841524204,4260078.119654712,0.11647182043729276,1.9677960805910477,0.15003292620877917
tf_015p_high,2.6827,31.982794,4348039.591759533,496230.4584578777,4376264.726842942,0.11412740109320549,2.024492405897407,0.15025765903320687
tf_015p_high,3.72759,31.969724999999997,4470582.583653307,511071.8096134433,4499700.32689354,0.11431883877554984,2.1166041510040854,0.15278478371514284
tf_015p_high,5.17947,31.973574999999997,4602551.98646587,529912.4481390474,4632957.154001496,0.11513448402045051,2.1149173874490157,0.14827201017824332
tf_015p_high,7.19686,31.972301,4732909.614558441,544727.5641746465,4764153.8114077905,0.11509359115987833,2.181519935672297,0.14872961832073736
tf_015p_high,10.0,31.950307,4844300.149603897,573852.8015201405,4878170.863885853,0.11845938191238267,2.312422954498971,0.15396936386781562
tf_015p_high,13.895,31.961765999999997,4989653.589016514,590597.7675623932,5024484.9150370695,0.11836448302993374,2.3367053543095353,0.15105547073804212
tf_015p_high,19.307,31.953632,5089004.192819891,601811.3919614911,5124464.911191515,0.1182572010474251,2.4390329309182066,0.1545941984734141
tf_015p_high,26.827,31.951406,5212877.882071006,639798.7752179768,5251993.743918163,0.1227342726401627,2.422595228930071,0.1498237659034355
tf_015p_high,37.2759,31.941731999999995,5308050.540625806,647931.3266450267,5347449.443041598,0.12206577945820336,2.4456920044478747,0.14855221374058455
tf_015p_high,51.7947,31.951882,5376380.996269359,675124.0886431109,5418603.616441463,0.12557221839590157,2.486901298724609,0.14907170483473256
tf_015p_high,100.0,31.941955999999998,5649878.243718703,670213.8952960438,5689491.2632232625,0.11862448470303927,2.654269498612134,0.15152895674313158
tf_015p_high,0.01,39.012887,2596760.109620498,306670.83818325924,2614805.9335079314,0.11809748503417879,1.191056999709034,0.14795073791361202
tf_015p_high,0.013895,38.98886999999999,2698616.1659886916,303728.79658442206,2715654.68961172,0.11254983217413024,1.023334999517336,0.12239603053445537
tf_015p_high,0.019307,38.992636,2774690.0099935904,316363.2378484084,2792667.2465261878,0.11401750707609287,1.0250069990666029,0.1192152162850888
tf_015p_high,0.026827,38.967918999999995,2850853.722501078,333888.67227808025,2870339.4559831894,0.11711883694444936,1.0948819980750406,0.12389623409679763
tf_015p_high,0.0372759,38.979637,2937630.296153586,351664.4992526118,2958604.3461257196,0.11971026432872339,1.123511996186322,0.12334310432580478
tf_015p_high,0.0517947,38.971818,2999754.899848837,356479.8538098675,3020862.020241807,0.11883632687051571,1.1567379924191887,0.12437358778636545
tf_015p_high,0.07196859,38.97010999999999,3080455.412016375,374739.5246917189,3103165.360851263,0.12165068944998153,1.182290985040385,0.1237495165395456
tf_015p_high,0.09999999,39.005488,3168360.144909241,382955.46548951784,3191419.8871971704,0.12086866643138126,1.2149279703202325,0.12364900763369309
tf_015p_high,0.13895,38.97466,3237347.7384172827,392651.3749275705,3261072.7501342264,0.1212879822170525,1.2480319411355807,0.12430519083980052
tf_015p_high,0.19307,38.94430799999999,3329622.679822993,424606.4966476227,3356587.235122456,0.127523908105466,1.55850185807889,0.15081114503829637
tf_015p_high,0.26827,39.003045,3417271.197354642,420633.24165442726,3443061.8292813655,0.12309038919124868,1.5936317198166638,0.15033745547086594
tf_015p_high,0.372759,38.970768,3502413.426368287,437760.9902742565,3529664.926563248,0.12498838286152258,1.6257924481366322,0.1496082951655218
tf_015p_high,0.517947,38.966876,3592500.4919279474,443788.9298012877,3619807.7847748655,0.12353204426789777,1.6775149006212031,0.15052371501285083
tf_015p_high,0.719686,38.980217999999994,3682729.840142583,454518.69856880605,3710671.9503110615,0.12341896318715809,1.7264568154981348,0.15112183206119742
tf_015p_high,1.0,39.00058799999999,3781606.6314897956,460267.54790335614,3809513.739439795,0.12171216965579254,1.760038700347867,0.15006407124694715
tf_015p_high,1.3895,38.97160099999999,3881296.101282055,473221.2912778306,3910038.0837462363,0.12192352217639821,1.824034396756478,0.1515221374047092
tf_015p_high,1.9307,38.984061,3995220.6420062734,476706.9959071231,4023560.306278484,0.11931931640895205,1.85938706779976,0.15010091603066217
tf_015p_high,2.6827,38.982612,4112661.197148076,486137.77384712955,4141293.5246959357,0.11820515975987561,1.9516066873552855,0.15306656488562656
tf_015p_high,3.72759,39.015421,4220382.332465179,495002.1486328938,4249312.198384041,0.11728846100627018,1.992502363690149,0.15230152671768696
tf_015p_high,5.17947,38.996654,4344697.448555376,519352.09353557864,4375628.242497684,0.11953699876346158,2.029504985412795,0.1506516030535634
tf_015p_high,7.19686,38.985811,4472404.954032782,524166.06303793413,4503016.337356291,0.11720004526094889,2.077600086394808,0.1498588804072523
tf_015p_high,10.0,38.981443,4576742.182885149,557188.8104375016,4610534.500367291,0.12174354337046217,2.147337293533762,0.15127704834618483
tf_015p_high,13.895,38.97221,4719234.8578396905,572500.9880510116,4753833.718670499,0.12131224770472297,2.1934159697759243,0.14986529262099277
tf_015p_high,19.307,38.94659,4819125.160250076,605984.622756663,4857075.73269893,0.1257457738917113,2.291158711634251,0.1532160814250669
tf_015p_high,26.827,38.978201999999996,4945736.000690656,642004.6576266747,4987231.152547669,0.12980973055112946,2.3238152042382896,0.15134432569987444
tf_015p_high,37.2759,38.96849999999999,5051636.529227172,653980.2881162347,5093792.481115317,0.12945909396539348,2.3715315938537644,0.1512208651400779
tf_015p_high,51.7947,38.967569,5112721.421469854,655016.20791294,5154509.342913773,0.1281149810279766,2.408001786541442,0.15173770992379335
tf_015p_high,100.0,38.948025,5171667.940480401,741381.7030483087,5224537.885421791,0.14335446737507304,2.6070635809101734,0.16207938931311514
tf_015p_high,0.01,45.95292499999999,2458283.727837633,276936.49079574517,2473833.605254313,0.11265440504678657,1.1270499997246703,0.14797786259554588
tf_015p_high,0.013895,45.996731,2557994.4577872655,275312.0275334491,2572767.451320648,0.1076280781982622,0.9676746995435885,0.12216671755735596
tf_015p_high,0.019307,45.980337,2625497.620201634,295127.1941991591,2642032.8942767372,0.11240809815569128,0.968579699117987,0.11907516539450345
tf_015p_high,0.026827,45.980953,2687602.9302639524,307765.53839788475,2705167.1181996725,0.11451302382962456,1.035191998179984,0.1242941984733883
tf_015p_high,0.0372759,45.997788,2763939.7070096275,304302.7194855925,2780640.72635621,0.11009745209486675,1.0594049964039283,0.12374885496193745
tf_015p_high,0.0517947,45.906298,2828404.3083912027,321418.7044866215,2846608.669156998,0.11363958947914506,1.087836992870739,0.12412524173038561
tf_015p_high,0.07196859,45.967527,2893958.671256781,336915.8802650817,2913504.608082354,0.11642041871965182,1.1146489858962643,0.12426432569985138
tf_015p_high,0.09999999,46.014623,2968462.498945962,357856.60312652244,2989955.0090343766,0.1205528462136846,1.1395879721607314,0.12379618320621232
tf_015p_high,0.13895,45.936825,3056257.9298358574,375030.5804445159,3079181.785791984,0.12270907398992263,1.1694819448404536,0.1233622391858557
tf_015p_high,0.19307,45.973518999999996,3128423.4880916798,385873.3811703296,3152131.3086766447,0.12334435623538618,1.456172867397226,0.15004885496195985
tf_015p_high,0.26827,45.989653999999994,3196780.8716033045,400085.2109982795,3221719.4348838516,0.12515252908080055,1.50433573551618,0.15166351145051082
tf_015p_high,0.372759,45.965728,3286107.5383289754,408094.8022372771,3311350.8000626573,0.12418790239737502,1.5230934829970455,0.14939821882964377
tf_015p_high,0.517947,45.98768,3360363.7962372173,424461.8797379788,3387065.5042990386,0.12631426401310233,1.5914729570097863,0.1526158778627254
tf_015p_high,0.719686,45.957335,3447973.5586363804,433997.82547399873,3475179.962760459,0.1258704041934817,1.62171194803279,0.15157251908409855
tf_015p_high,1.0,45.966953,3544334.7148554283,441906.3585311399,3571776.8408230045,0.12467963499016348,1.6695019215229208,0.15181918575076542
tf_015p_high,1.3895,45.998138,3640726.196577101,449728.59597955225,3668397.885792176,0.12352716784974746,1.7035739649203414,0.15083725190852543
tf_015p_high,1.9307,45.943825,3740409.3299050075,445059.59401236835,3766794.39277788,0.11898686875098538,1.7694048872075776,0.15257358778638946
tf_015p_high,2.6827,45.957376999999994,3848965.091149774,467659.76835093036,3877271.9703192906,0.12150273054599975,1.8003273471095733,0.15081664122150248
tf_015p_high,3.72759,45.98768,3967038.6483823773,477430.9070617386,3995664.6391779766,0.12034944687428709,1.8622137863893362,0.1513786259543274
tf_015p_high,5.17947,45.95751,4074467.8433656045,490573.20537328185,4103894.5255026445,0.12040178600797523,1.9012233930408513,0.15047384223931393
tf_015p_high,7.19686,45.976921,4195583.600504694,499500.0837574484,4225212.667132582,0.11905377923999957,1.9590440892747292,0.15059816793905956
tf_015p_high,10.0,45.989129,4305006.125601246,539241.2550111425,4338647.124688783,0.1252591144538339,2.013796924408937,0.15075974554720217
tf_015p_high,13.895,46.000370999999994,4427638.403627608,554616.1434834837,4462239.448963998,0.12526229400961947,2.0390887937608744,0.1484250890586506
tf_015p_high,19.307,45.990753,4551086.477715442,584860.7125344978,4588512.850664223,0.1285101294818917,2.106611917756609,0.14912025445305319
tf_015p_high,26.827,45.988653,4653020.95956137,602276.830393281,4691837.745547687,0.12943780731433802,2.172496712384462,0.1503973536896955
tf_015p_high,37.2759,45.989262,4734786.335401836,626815.3894001507,4776096.64624752,0.13238514792388276,2.2228390387863612,0.15116768447850024
tf_015p_high,51.7947,45.999188,4819952.23036565,651053.1080194266,4863723.846238452,0.135074597610698,2.2815380481645486,0.15236417302811958
tf_015p_high,100.0,45.979251999999995,4910493.805525174,792484.0471231679,4974030.596914923,0.16138581546146807,2.2436107937824508,0.1465086005090306
tf_015p_high,0.01,52.980729,2343925.907298269,247539.00778011855,2356960.801387409,0.10560871698604368,1.1023969997306928,0.15191816793906066
tf_015p_high,0.013895,53.00161,2431633.97542139,251202.5242198389,2444574.9116355693,0.10330605952991209,0.9203866995658924,0.12229002544539676
tf_015p_high,0.019307,52.969367999999996,2491079.341010649,261925.01714858745,2504811.5693237963,0.1051451926225371,1.1513669989515363,0.14930101781183197
tf_015p_high,0.026827,52.94365,2551996.3400464384,271133.0726361313,2566358.9894415643,0.10624351938968593,0.9758418982843302,0.12350544529272604
tf_015p_high,0.0372759,52.93473899999999,2608441.0456230957,284103.4948825699,2623867.276425353,0.10891696991169843,0.9794336966753849,0.12124315521638823
tf_015p_high,0.0517947,52.965567,2676949.948667794,301218.1246966336,2693843.6083630137,0.1125228825613782,1.0281009932622256,0.12396167938941856
tf_015p_high,0.07196859,53.00553,2732707.062253826,304582.6189591919,2749628.7858298207,0.11145820317380985,1.0540259866633315,0.12450916030544955
tf_015p_high,0.09999999,53.015322999999995,2807160.5270269583,318443.30269458826,2825164.837939427,0.11343964822412526,1.0764949737020453,0.12376340966931659
tf_015p_high,0.13895,52.942606999999995,2874554.5010926956,335752.9675180319,2894096.341684126,0.11680174002281159,1.105648947851188,0.12408758269730667
tf_015p_high,0.19307,53.002289,2934450.2224317137,356793.3201346065,2956061.4982138323,0.12158779092832586,1.3716318750957421,0.1507121119594159
tf_015p_high,0.26827,53.010563,3005033.01694992,358015.5132906942,3026284.609998858,0.11913862885076602,1.4179057507118122,0.15218142493651637
tf_015p_high,0.372759,52.977641999999996,3085604.676356028,379978.2531045569,3108912.9437124124,0.12314547486144453,1.4353955127654805,0.14996402035636183
tf_015p_high,0.517947,52.967751,3165395.3332944675,394153.5625418171,3189840.8497771174,0.1245195373847953,1.4673430383597643,0.14941241730292623
tf_015p_high,0.719686,52.955206999999994,3255276.565419005,399514.60333549074,3279700.814959265,0.12272831364915592,1.5199100768436442,0.15052468193397045
tf_015p_high,1.0,53.002079,3335745.5138755124,419071.24521464383,3361966.514096528,0.12563046055865376,1.5637001799892167,0.15107206106883095
tf_015p_high,1.3895,52.964461,3422211.237683728,419357.1936997604,3447809.480124523,0.12253983304186565,1.6211333537598585,0.15272127226476112
tf_015p_high,1.9307,52.979735,3526357.138462952,431268.79751611844,3552631.059327666,0.12229867270451723,1.6480649921692263,0.15067745547086625
tf_015p_high,2.6827,52.977509,3629663.354843779,436231.3932325221,3655783.622964765,0.12018508345970218,1.7103849284539476,0.15196284987290296
tf_015p_high,3.72759,52.957342,3732876.143255027,446794.7675920464,3759519.898235698,0.1196918275468005,1.7483106528779144,0.15104636132328386
tf_015p_high,5.17947,52.936699,3847286.0878876513,462195.4606268167,3874949.662366971,0.12013545394555898,1.793966422706576,0.1503738422393138
tf_015p_high,7.19686,52.989304,3954688.8179085082,485852.2203161882,3984421.667755154,0.12285472832047953,1.8459354028150154,0.15047877862608233
tf_015p_high,10.0,52.991922,4058943.3838918908,499499.0085001291,4089562.403623689,0.12306133918556603,1.891979690710865,0.15026702290089133
tf_015p_high,13.895,52.955892999999996,4171333.5765675586,543101.3890173377,4206540.493773055,0.13019850343981276,1.9583568895721721,0.15121358778638833
tf_015p_high,19.307,52.986895999999994,4283398.026760935,548441.356919427,4318366.193091908,0.12803884987876163,1.9974983698598008,0.1502418829517819
tf_015p_high,26.827,52.967617999999995,4374200.6206800435,602979.2402722123,4415565.086617672,0.13784901346808115,2.0728382348587497,0.15247659033091868
tf_015p_high,37.2759,52.979392000000004,4489164.567029704,611341.682223969,4530600.088542292,0.13618161533081616,2.0984367513793165,0.15044030534363959
tf_015p_high,51.7947,52.947590999999996,4557502.331099502,618008.5151390757,4599213.196054494,0.13560245727619422,2.120316600989463,0.14974117048358807
tf_015p_high,100.0,52.94821399999999,4720030.316299554,663847.9042534333,4766485.1019140445,0.14064483907253417,2.2123105816730493,0.15075506361335997
